 16 , 19 
 17 , 20 
 18 , 21 
 33 , 37 
 36 , 38 
 34 , 55 
 35 , 56 
 51 , 73 
 54 , 74 
 52 , 91 
 53 , 92 
 69 , 109 
 72 , 110 
 70 , 127 
 71 , 128 
 87 , 145 
 90 , 146 
 88 , 163 
 89 , 164 
 105 , 181 
 108 , 182 
 106 , 199 
 107 , 200 
 123 , 217 
 126 , 218 
 124 , 235 
 125 , 236 
 141 , 253 
 144 , 254 
 142 , 271 
 143 , 272 
 159 , 289 
 162 , 290 
 160 , 307 
 161 , 308 
 177 , 325 
 180 , 326 
 178 , 343 
 179 , 344 
 195 , 361 
 198 , 362 
 196 , 379 
 197 , 380 
 213 , 397 
 216 , 398 
 214 , 415 
 215 , 416 
 231 , 433 
 234 , 434 
 232 , 451 
 233 , 452 
 249 , 469 
 252 , 470 
 250 , 487 
 251 , 488 
 267 , 505 
 270 , 506 
 268 , 523 
 269 , 524 
 285 , 541 
 288 , 542 
 286 , 559 
 287 , 560 
 303 , 577 
 306 , 578 
 304 , 595 
 305 , 596 
 321 , 613 
 324 , 614 
 322 , 631 
 323 , 632 
 339 , 649 
 342 , 650 
 340 , 667 
 341 , 668 
 357 , 685 
 360 , 686 
 358 , 703 
 359 , 704 
 375 , 721 
 378 , 722 
 376 , 739 
 377 , 740 
 393 , 757 
 396 , 758 
 394 , 775 
 395 , 776 
 411 , 793 
 414 , 794 
 412 , 811 
 413 , 812 
 429 , 829 
 432 , 830 
 430 , 847 
 431 , 848 
 447 , 865 
 450 , 866 
 448 , 883 
 449 , 884 
 465 , 901 
 468 , 902 
 466 , 919 
 467 , 920 
 483 , 937 
 486 , 938 
 484 , 955 
 485 , 956 
 501 , 973 
 504 , 974 
 502 , 991 
 503 , 992 
 519 , 1009 
 522 , 1010 
 520 , 1027 
 521 , 1028 
 537 , 1045 
 540 , 1046 
 538 , 1063 
 539 , 1064 
 555 , 1081 
 558 , 1082 
 556 , 1099 
 557 , 1100 
 573 , 1117 
 576 , 1118 
 574 , 1135 
 575 , 1136 
 591 , 1153 
 594 , 1154 
 592 , 1171 
 593 , 1172 
 609 , 1189 
 612 , 1190 
 610 , 1207 
 611 , 1208 
 627 , 1225 
 630 , 1226 
 628 , 1243 
 629 , 1244 
 645 , 1261 
 648 , 1262 
 646 , 1279 
 647 , 1280 
 663 , 1297 
 666 , 1298 
 664 , 1315 
 665 , 1316 
 681 , 1333 
 684 , 1334 
 682 , 1351 
 683 , 1352 
 699 , 1369 
 702 , 1370 
 700 , 1387 
 701 , 1388 
 717 , 1405 
 720 , 1406 
 718 , 1423 
 719 , 1424 
 735 , 1441 
 738 , 1442 
 736 , 1459 
 737 , 1460 
 753 , 1477 
 756 , 1478 
 754 , 1495 
 755 , 1496 
 771 , 1513 
 774 , 1514 
 772 , 1531 
 773 , 1532 
 789 , 1549 
 792 , 1550 
 790 , 1567 
 791 , 1568 
 807 , 1585 
 810 , 1586 
 808 , 1603 
 809 , 1604 
 825 , 1621 
 828 , 1622 
 826 , 1639 
 827 , 1640 
 843 , 1657 
 846 , 1658 
 844 , 1675 
 845 , 1676 
 861 , 1693 
 864 , 1694 
 862 , 1711 
 863 , 1712 
 879 , 1729 
 882 , 1730 
 880 , 1747 
 881 , 1748 
 897 , 1765 
 900 , 1766 
 898 , 1783 
 899 , 1784 
 915 , 1801 
 918 , 1802 
 916 , 1819 
 917 , 1820 
 933 , 1837 
 936 , 1838 
 934 , 1855 
 935 , 1856 
 951 , 1873 
 954 , 1874 
 952 , 1891 
 953 , 1892 
 969 , 1909 
 972 , 1910 
 970 , 1927 
 971 , 1928 
 987 , 1945 
 990 , 1946 
 988 , 1963 
 989 , 1964 
 1005 , 1981 
 1008 , 1982 
 1006 , 1999 
 1007 , 2000 
 1023 , 2017 
 1026 , 2018 
 1024 , 2035 
 1025 , 2036 
 1041 , 2053 
 1044 , 2054 
 1042 , 2071 
 1043 , 2072 
 1059 , 2089 
 1062 , 2090 
 1060 , 2107 
 1061 , 2108 
 1077 , 2125 
 1080 , 2126 
 1078 , 2143 
 1079 , 2144 
 1095 , 2161 
 1098 , 2162 
 1096 , 2179 
 1097 , 2180 
 1113 , 2197 
 1116 , 2198 
 1114 , 2215 
 1115 , 2216 
 1131 , 2233 
 1134 , 2234 
 1132 , 2251 
 1133 , 2252 
 1149 , 2269 
 1152 , 2270 
 1150 , 2287 
 1151 , 2288 
 1167 , 2305 
 1170 , 2306 
 1168 , 2323 
 1169 , 2324 
 1185 , 2341 
 1188 , 2342 
 1186 , 2359 
 1187 , 2360 
 1203 , 2377 
 1206 , 2378 
 1204 , 2395 
 1205 , 2396 
 1221 , 2413 
 1224 , 2414 
 1222 , 2431 
 1223 , 2432 
 1239 , 2449 
 1242 , 2450 
 1240 , 2467 
 1241 , 2468 
 1257 , 2485 
 1260 , 2486 
 1258 , 2503 
 1259 , 2504 
 1275 , 2521 
 1278 , 2522 
 1276 , 2539 
 1277 , 2540 
 1293 , 2557 
 1296 , 2558 
 1294 , 2575 
 1295 , 2576 
 1311 , 2593 
 1314 , 2594 
 1312 , 2611 
 1313 , 2612 
 1329 , 2629 
 1332 , 2630 
 1330 , 2647 
 1331 , 2648 
 1347 , 2665 
 1350 , 2666 
 1348 , 2683 
 1349 , 2684 
 1365 , 2701 
 1368 , 2702 
 1366 , 2719 
 1367 , 2720 
 1383 , 2737 
 1386 , 2738 
 1384 , 2755 
 1385 , 2756 
 1401 , 2773 
 1404 , 2774 
 1402 , 2791 
 1403 , 2792 
 1419 , 2809 
 1422 , 2810 
 1420 , 2827 
 1421 , 2828 
 1437 , 2845 
 1440 , 2846 
 1438 , 2863 
 1439 , 2864 
 1455 , 2881 
 1458 , 2882 
 1456 , 2899 
 1457 , 2900 
 1473 , 2917 
 1476 , 2918 
 1474 , 2935 
 1475 , 2936 
 1491 , 2953 
 1494 , 2954 
 1492 , 2971 
 1493 , 2972 
 1509 , 2989 
 1512 , 2990 
 1510 , 3007 
 1511 , 3008 
 1527 , 3025 
 1530 , 3026 
 1528 , 3043 
 1529 , 3044 
 1545 , 3061 
 1548 , 3062 
 1546 , 3079 
 1547 , 3080 
 1563 , 3097 
 1566 , 3098 
 1564 , 3115 
 1565 , 3116 
 1581 , 3133 
 1584 , 3134 
 1582 , 3151 
 1583 , 3152 
 1599 , 3169 
 1602 , 3170 
 1600 , 3187 
 1601 , 3188 
 1617 , 3205 
 1620 , 3206 
 1618 , 3223 
 1619 , 3224 
 1635 , 3241 
 1638 , 3242 
 1636 , 3259 
 1637 , 3260 
 1653 , 3277 
 1656 , 3278 
 1654 , 3295 
 1655 , 3296 
 1671 , 3313 
 1674 , 3314 
 1672 , 3331 
 1673 , 3332 
 1689 , 3349 
 1692 , 3350 
 1690 , 3367 
 1691 , 3368 
 1707 , 3385 
 1710 , 3386 
 1708 , 3403 
 1709 , 3404 
 1725 , 3421 
 1728 , 3422 
 1726 , 3439 
 1727 , 3440 
 1743 , 3457 
 1746 , 3458 
 1744 , 3475 
 1745 , 3476 
 1761 , 3493 
 1764 , 3494 
 1762 , 3511 
 1763 , 3512 
 1779 , 3529 
 1782 , 3530 
 1780 , 3547 
 1781 , 3548 
 1797 , 3565 
 1800 , 3566 
 1798 , 3583 
 1799 , 3584 
 1815 , 3601 
 1818 , 3602 
 1816 , 3619 
 1817 , 3620 
 1833 , 3637 
 1836 , 3638 
 1834 , 3655 
 1835 , 3656 
 1851 , 3673 
 1854 , 3674 
 1852 , 3691 
 1853 , 3692 
 1869 , 3709 
 1872 , 3710 
 1870 , 3727 
 1871 , 3728 
 1887 , 3745 
 1890 , 3746 
 1888 , 3763 
 1889 , 3764 
 1905 , 3781 
 1908 , 3782 
 1906 , 3799 
 1907 , 3800 
 1923 , 3817 
 1926 , 3818 
 1924 , 3835 
 1925 , 3836 
 1941 , 3853 
 1944 , 3854 
 1942 , 3871 
 1943 , 3872 
 1959 , 3889 
 1962 , 3890 
 1960 , 3907 
 1961 , 3908 
 1977 , 3925 
 1980 , 3926 
 1978 , 3943 
 1979 , 3944 
 1995 , 3961 
 1998 , 3962 
 1996 , 3979 
 1997 , 3980 
 2013 , 3997 
 2016 , 3998 
 2014 , 4015 
 2015 , 4016 
 2031 , 4033 
 2034 , 4034 
 2032 , 4051 
 2033 , 4052 
 2049 , 4069 
 2052 , 4070 
 2050 , 4087 
 2051 , 4088 
 2067 , 4105 
 2070 , 4106 
 2068 , 4123 
 2069 , 4124 
 2085 , 4141 
 2088 , 4142 
 2086 , 4159 
 2087 , 4160 
 2103 , 4177 
 2106 , 4178 
 2104 , 4195 
 2105 , 4196 
 2121 , 4213 
 2124 , 4214 
 2122 , 4231 
 2123 , 4232 
 2139 , 4249 
 2142 , 4250 
 2140 , 4267 
 2141 , 4268 
 2157 , 4285 
 2160 , 4286 
 2158 , 4303 
 2159 , 4304 
 2175 , 4321 
 2178 , 4322 
 2176 , 4339 
 2177 , 4340 
 2193 , 4357 
 2196 , 4358 
 2194 , 4375 
 2195 , 4376 
 2211 , 4393 
 2214 , 4394 
 2212 , 4411 
 2213 , 4412 
 2229 , 4429 
 2232 , 4430 
 2230 , 4447 
 2231 , 4448 
 2247 , 4465 
 2250 , 4466 
 2248 , 4483 
 2249 , 4484 
 2265 , 4501 
 2268 , 4502 
 2266 , 4519 
 2267 , 4520 
 2283 , 4537 
 2286 , 4538 
 2284 , 4555 
 2285 , 4556 
 2301 , 4573 
 2304 , 4574 
 2302 , 4591 
 2303 , 4592 
 2320 , 4609
 2321 , 4610
 2322 , 4611
 2338 , 4627
 2339 , 4628
 2340 , 4629
 2356 , 4645
 2357 , 4646
 2358 , 4647
 2374 , 4663
 2375 , 4664
 2376 , 4665
 2392 , 4681
 2393 , 4682
 2394 , 4683
 2410 , 4699
 2411 , 4700
 2412 , 4701
 2428 , 4717
 2429 , 4718
 2430 , 4719
 2446 , 4735
 2447 , 4736
 2448 , 4737
 2464 , 4753
 2465 , 4754
 2466 , 4755
 2482 , 4771
 2483 , 4772
 2484 , 4773
 2500 , 4789
 2501 , 4790
 2502 , 4791
 2518 , 4807
 2519 , 4808
 2520 , 4809
 2536 , 4825
 2537 , 4826
 2538 , 4827
 2554 , 4843
 2555 , 4844
 2556 , 4845
 2572 , 4861
 2573 , 4862
 2574 , 4863
 2590 , 4879
 2591 , 4880
 2592 , 4881
 2608 , 4897
 2609 , 4898
 2610 , 4899
 2626 , 4915
 2627 , 4916
 2628 , 4917
 2644 , 4933
 2645 , 4934
 2646 , 4935
 2662 , 4951
 2663 , 4952
 2664 , 4953
 2680 , 4969
 2681 , 4970
 2682 , 4971
 2698 , 4987
 2699 , 4988
 2700 , 4989
 2716 , 5005
 2717 , 5006
 2718 , 5007
 2734 , 5023
 2735 , 5024
 2736 , 5025
 2752 , 5041
 2753 , 5042
 2754 , 5043
 2770 , 5059
 2771 , 5060
 2772 , 5061
 2788 , 5077
 2789 , 5078
 2790 , 5079
 2806 , 5095
 2807 , 5096
 2808 , 5097
 2824 , 5113
 2825 , 5114
 2826 , 5115
 2842 , 5131
 2843 , 5132
 2844 , 5133
 2860 , 5149
 2861 , 5150
 2862 , 5151
 2878 , 5167
 2879 , 5168
 2880 , 5169
 2896 , 5185
 2897 , 5186
 2898 , 5187
 2914 , 5203
 2915 , 5204
 2916 , 5205
 2932 , 5221
 2933 , 5222
 2934 , 5223
 2950 , 5239
 2951 , 5240
 2952 , 5241
 2968 , 5257
 2969 , 5258
 2970 , 5259
 2986 , 5275
 2987 , 5276
 2988 , 5277
 3004 , 5293
 3005 , 5294
 3006 , 5295
 3022 , 5311
 3023 , 5312
 3024 , 5313
 3040 , 5329
 3041 , 5330
 3042 , 5331
 3058 , 5347
 3059 , 5348
 3060 , 5349
 3076 , 5365
 3077 , 5366
 3078 , 5367
 3094 , 5383
 3095 , 5384
 3096 , 5385
 3112 , 5401
 3113 , 5402
 3114 , 5403
 3130 , 5419
 3131 , 5420
 3132 , 5421
 3148 , 5437
 3149 , 5438
 3150 , 5439
 3166 , 5455
 3167 , 5456
 3168 , 5457
 3184 , 5473
 3185 , 5474
 3186 , 5475
 3202 , 5491
 3203 , 5492
 3204 , 5493
 3220 , 5509
 3221 , 5510
 3222 , 5511
 3238 , 5527
 3239 , 5528
 3240 , 5529
 3256 , 5545
 3257 , 5546
 3258 , 5547
 3274 , 5563
 3275 , 5564
 3276 , 5565
 3292 , 5581
 3293 , 5582
 3294 , 5583
 3310 , 5599
 3311 , 5600
 3312 , 5601
 3328 , 5617
 3329 , 5618
 3330 , 5619
 3346 , 5635
 3347 , 5636
 3348 , 5637
 3364 , 5653
 3365 , 5654
 3366 , 5655
 3382 , 5671
 3383 , 5672
 3384 , 5673
 3400 , 5689
 3401 , 5690
 3402 , 5691
 3418 , 5707
 3419 , 5708
 3420 , 5709
 3436 , 5725
 3437 , 5726
 3438 , 5727
 3454 , 5743
 3455 , 5744
 3456 , 5745
 3472 , 5761
 3473 , 5762
 3474 , 5763
 3490 , 5779
 3491 , 5780
 3492 , 5781
 3508 , 5797
 3509 , 5798
 3510 , 5799
 3526 , 5815
 3527 , 5816
 3528 , 5817
 3544 , 5833
 3545 , 5834
 3546 , 5835
 3562 , 5851
 3563 , 5852
 3564 , 5853
 3580 , 5869
 3581 , 5870
 3582 , 5871
 3598 , 5887
 3599 , 5888
 3600 , 5889
 3616 , 5905
 3617 , 5906
 3618 , 5907
 3634 , 5923
 3635 , 5924
 3636 , 5925
 3652 , 5941
 3653 , 5942
 3654 , 5943
 3670 , 5959
 3671 , 5960
 3672 , 5961
 3688 , 5977
 3689 , 5978
 3690 , 5979
 3706 , 5995
 3707 , 5996
 3708 , 5997
 3724 , 6013
 3725 , 6014
 3726 , 6015
 3742 , 6031
 3743 , 6032
 3744 , 6033
 3760 , 6049
 3761 , 6050
 3762 , 6051
 3778 , 6067
 3779 , 6068
 3780 , 6069
 3796 , 6085
 3797 , 6086
 3798 , 6087
 3814 , 6103
 3815 , 6104
 3816 , 6105
 3832 , 6121
 3833 , 6122
 3834 , 6123
 3850 , 6139
 3851 , 6140
 3852 , 6141
 3868 , 6157
 3869 , 6158
 3870 , 6159
 3886 , 6175
 3887 , 6176
 3888 , 6177
 3904 , 6193
 3905 , 6194
 3906 , 6195
 3922 , 6211
 3923 , 6212
 3924 , 6213
 3940 , 6229
 3941 , 6230
 3942 , 6231
 3958 , 6247
 3959 , 6248
 3960 , 6249
 3976 , 6265
 3977 , 6266
 3978 , 6267
 3994 , 6283
 3995 , 6284
 3996 , 6285
 4012 , 6301
 4013 , 6302
 4014 , 6303
 4030 , 6319
 4031 , 6320
 4032 , 6321
 4048 , 6337
 4049 , 6338
 4050 , 6339
 4066 , 6355
 4067 , 6356
 4068 , 6357
 4084 , 6373
 4085 , 6374
 4086 , 6375
 4102 , 6391
 4103 , 6392
 4104 , 6393
 4120 , 6409
 4121 , 6410
 4122 , 6411
 4138 , 6427
 4139 , 6428
 4140 , 6429
 4156 , 6445
 4157 , 6446
 4158 , 6447
 4174 , 6463
 4175 , 6464
 4176 , 6465
 4192 , 6481
 4193 , 6482
 4194 , 6483
 4210 , 6499
 4211 , 6500
 4212 , 6501
 4228 , 6517
 4229 , 6518
 4230 , 6519
 4246 , 6535
 4247 , 6536
 4248 , 6537
 4264 , 6553
 4265 , 6554
 4266 , 6555
 4282 , 6571
 4283 , 6572
 4284 , 6573
 4300 , 6589
 4301 , 6590
 4302 , 6591
 4318 , 6607
 4319 , 6608
 4320 , 6609
 4336 , 6625
 4337 , 6626
 4338 , 6627
 4354 , 6643
 4355 , 6644
 4356 , 6645
 4372 , 6661
 4373 , 6662
 4374 , 6663
 4390 , 6679
 4391 , 6680
 4392 , 6681
 4408 , 6697
 4409 , 6698
 4410 , 6699
 4426 , 6715
 4427 , 6716
 4428 , 6717
 4444 , 6733
 4445 , 6734
 4446 , 6735
 4462 , 6751
 4463 , 6752
 4464 , 6753
 4480 , 6769
 4481 , 6770
 4482 , 6771
 4498 , 6787
 4499 , 6788
 4500 , 6789
 4516 , 6805
 4517 , 6806
 4518 , 6807
 4534 , 6823
 4535 , 6824
 4536 , 6825
 4552 , 6841
 4553 , 6842
 4554 , 6843
 4570 , 6859
 4571 , 6860
 4572 , 6861
 4588 , 6877
 4589 , 6878
 4590 , 6879
 4606 , 6895
 4607 , 6896
 4608 , 6897
