16 , 19 
17 , 20 
18 , 21 
33 , 37 
34 , 55 
35 , 56 
36 , 38 
51 , 73 
52 , 91 
53 , 92 
54 , 74 
69 , 109 
70 , 127 
71 , 128 
72 , 110 
160 , 163 
161 , 164 
162 , 165 
177 , 181 
178 , 199 
179 , 200 
180 , 182 
195 , 217 
196 , 235 
197 , 236 
198 , 218 
213 , 253 
214 , 271 
215 , 272 
216 , 254 
304 , 307 
305 , 308 
306 , 309 
321 , 325 
322 , 343 
323 , 344 
324 , 326 
339 , 361 
340 , 379 
341 , 380 
342 , 362 
357 , 397 
358 , 415 
359 , 416 
360 , 398 
448 , 451 
449 , 452 
450 , 453 
465 , 469 
466 , 487 
467 , 488 
468 , 470 
483 , 505 
484 , 523 
485 , 524 
486 , 506 
501 , 541 
502 , 559 
503 , 560 
504 , 542 
592 , 595 
593 , 596 
594 , 597 
609 , 613 
610 , 631 
611 , 632 
612 , 614 
628 , 649 
629 , 650 
630 , 651 
646 , 667 
647 , 668 
648 , 669 
700 , 703 
701 , 704 
702 , 705 
717 , 721 
718 , 739 
719 , 740 
720 , 722 
736 , 757 
737 , 758 
738 , 759 
754 , 775 
755 , 776 
756 , 777 
808 , 811 
809 , 812 
810 , 813 
825 , 829 
826 , 847 
827 , 848 
828 , 830 
844 , 865 
845 , 866 
846 , 867 
862 , 883 
863 , 884 
864 , 885 
916 , 919 
917 , 920 
918 , 921 
933 , 937 
934 , 955 
935 , 956 
936 , 938 
952 , 973 
953 , 974 
954 , 975 
970 , 991 
971 , 992 
972 , 993 
1024 , 1027 
1025 , 1028 
1026 , 1029 
1041 , 1045 
1042 , 1063 
1043 , 1064 
1044 , 1046 
1060 , 1081 
1061 , 1082 
1062 , 1083 
1078 , 1099 
1079 , 1100 
1080 , 1101 
1132 , 1135 
1133 , 1136 
1134 , 1137 
1149 , 1153 
1150 , 1171 
1151 , 1172 
1152 , 1154 
1168 , 1189 
1169 , 1190 
1170 , 1191 
1186 , 1207 
1187 , 1208 
1188 , 1209 
1240 , 1243 
1241 , 1244 
1242 , 1245 
1257 , 1261 
1258 , 1279 
1259 , 1280 
1260 , 1262 
1276 , 1297 
1277 , 1298 
1278 , 1299 
1294 , 1315 
1295 , 1316 
1296 , 1317 
1348 , 1351 
1349 , 1352 
1350 , 1353 
1365 , 1369 
1366 , 1387 
1367 , 1388 
1368 , 1370 
1420 , 1423 
1421 , 1424 
1422 , 1425 
1437 , 1441 
1438 , 1459 
1439 , 1460 
1440 , 1442 
1492 , 1495 
1493 , 1496 
1494 , 1497 
1509 , 1513 
1510 , 1531 
1511 , 1532 
1512 , 1514 
1564 , 1567 
1565 , 1568 
1566 , 1569 
1581 , 1585 
1582 , 1603 
1583 , 1604 
1584 , 1586 
1636 , 1639 
1637 , 1640 
1638 , 1641 
1653 , 1657 
1654 , 1675 
1655 , 1676 
1656 , 1658 
1708 , 1711 
1709 , 1712 
1710 , 1713 
1725 , 1729 
1726 , 1747 
1727 , 1748 
1728 , 1730 
1780 , 1783 
1781 , 1784 
1782 , 1785 
1797 , 1801 
1798 , 1819 
1799 , 1820 
1800 , 1802 
1852 , 1855 
1853 , 1856 
1854 , 1857 
1869 , 1873 
1870 , 1891 
1871 , 1892 
1872 , 1874 
1924 , 1927 
1925 , 1928 
1926 , 1929 
1941 , 1945 
1942 , 1963 
1943 , 1964 
1944 , 1946 
1996 , 1999 
1997 , 2000 
1998 , 2001 
2013 , 2017 
2014 , 2035 
2015 , 2036 
2016 , 2018 
2068 , 2071 
2069 , 2072 
2070 , 2073 
2085 , 2089 
2086 , 2107 
2087 , 2108 
2088 , 2090 
2140 , 2143 
2141 , 2144 
2142 , 2145 
2157 , 2161 
2158 , 2179 
2159 , 2180 
2160 , 2162 
2212 , 2215 
2213 , 2216 
2214 , 2217 
2229 , 2233 
2230 , 2251 
2231 , 2252 
2232 , 2234 
2284 , 2287 
2285 , 2288 
2286 , 2289 
2301 , 2305 
2302 , 2323 
2303 , 2324 
2304 , 2306 
2356 , 2359 
2357 , 2360 
2358 , 2361 
2373 , 2377 
2374 , 2395 
2375 , 2396 
2376 , 2378 
2428 , 2431 
2429 , 2432 
2430 , 2433 
2445 , 2449 
2446 , 2467 
2447 , 2468 
2448 , 2450 
2500 , 2503 
2501 , 2504 
2502 , 2505 
2517 , 2521 
2518 , 2539 
2519 , 2540 
2520 , 2522 
2572 , 2575 
2573 , 2576 
2574 , 2577 
2589 , 2593 
2590 , 2611 
2591 , 2612 
2592 , 2594 
2644 , 2647 
2645 , 2648 
2646 , 2649 
2661 , 2665 
2662 , 2683 
2663 , 2684 
2664 , 2666 
2716 , 2719 
2717 , 2720 
2718 , 2721 
2733 , 2737 
2734 , 2755 
2735 , 2756 
2736 , 2738 
2788 , 2791 
2789 , 2792 
2790 , 2793 
2805 , 2809 
2806 , 2827 
2807 , 2828 
2808 , 2810 
2860 , 2863 
2861 , 2864 
2862 , 2865 
2877 , 2881 
2878 , 2899 
2879 , 2900 
2880 , 2882 
2932 , 2935 
2933 , 2936 
2934 , 2937 
2949 , 2953 
2950 , 2971 
2951 , 2972 
2952 , 2954 
3004 , 3007 
3005 , 3008 
3006 , 3009 
3021 , 3025 
3022 , 3043 
3023 , 3044 
3024 , 3026 
3076 , 3079 
3077 , 3080 
3078 , 3081 
3094 , 3097 
3095 , 3098 
3096 , 3099 
3130 , 3133 
3131 , 3134 
3132 , 3135 
3148 , 3151 
3149 , 3152 
3150 , 3153 
3184 , 3187 
3185 , 3188 
3186 , 3189 
3202 , 3205 
3203 , 3206 
3204 , 3207 
3238 , 3241 
3239 , 3242 
3240 , 3243 
3256 , 3259 
3257 , 3260 
3258 , 3261 
3292 , 3295 
3293 , 3296 
3294 , 3297 
3310 , 3313 
3311 , 3314 
3312 , 3315 
3346 , 3349 
3347 , 3350 
3348 , 3351 
3364 , 3367 
3365 , 3368 
3366 , 3369 
3400 , 3403 
3401 , 3404 
3402 , 3405 
3418 , 3421 
3419 , 3422 
3420 , 3423 
3454 , 3457 
3455 , 3458 
3456 , 3459 
3490 , 3493 
3491 , 3494 
3492 , 3495 
3526 , 3529 
3527 , 3530 
3528 , 3531 
3562 , 3565 
3563 , 3566 
3564 , 3567 
3598 , 3601 
3599 , 3602 
3600 , 3603 